17141
1585
11686
9313
24220
31726
25969
26730
4131
9250
20516
31373
20085
508
1844
471
26721
24749
3626
6901
22969
928
14444
31305
2563
25988
30943
14311
29710
9385
8304
4308
19097
24808
22993
21169
5306
32554
29083
15867
23957
6776
6294
24913
21191
18951
20053
22370
15624
5268
12467
22651
6236
25761
12690
10188
1907
25159
28793
14928
6225
5882
7047
478
26806
14467
22211
19214
13278
4620
32230
13527
26149
21492
28662
22505
8226
15534
4890
23774
9472
20841
31203
341
7356
19362
12603
27037
5535
19685
10912
15189
1004
8285
23227
24529
13296
11497
7624
3612

